	B cells	Cancer Epithelial	DCs	Endothelial	Macrophage	NK cells	Normal Epithelial	T cells	fibroblast
AACATTGGTCAGCCGT-1	0.002700357184649653	0.6054394051365453	0.0002873898990018631	0.03773352684583737	0.10021049267573473	0.004748980469549887	0.11507746462892646	0.058711505898815644	0.07509087726093908
CATCGAATGGATCTCT-1	0.002790353017846667	0.5504438913903166	0.013598080615308388	0.03282504881264251	0.07146148247173748	0.003616806675719522	0.1928920693529076	0.030835174375650747	0.10153709328787056
CGGGTTGTAGCTTTGG-1	0.00012609330221926307	0.4755793273953423	0.006990420035749252	0.06562771815613226	0.044633762550956815	0.01329097780197331	0.26080598214481193	0.08897162780677477	0.04397409080604024
CCTAAGTGTCTAACCG-1	7.438466560755186e-05	0.5104549435533148	6.941644758455609e-05	0.04495961316163191	0.05393592447491317	0.0008272440501458976	0.3034308039637004	0.004023989946513888	0.08222367973658781
TCTGTGACTGACCGTT-1	6.241086682605932e-05	0.540563511444283	0.004245133275040965	0.053458333011606164	0.040354632579421075	0.0066917729912733225	0.24931925190168377	0.026424543148090302	0.07888041078177528
TTATCATACTCGCAAA-1	4.475305125639135e-05	0.579521792990745	0.00016163021396145414	0.012969484486866637	0.01756188108054321	0.0010476072220915499	0.3037204387865566	0.003647468302799091	0.08132494386517986
AGCGTAGCGCTAGACC-1	2.8093197241726634e-05	0.43778296092941194	0.0016701293561019086	0.06279583961754812	0.034197602026058614	0.006632278459241327	0.2859706863946148	0.038966786970104396	0.13195562304967715
AGGTCGCCACTTCGGT-1	0.01710368748616972	0.43333523146140573	0.005165266806232354	0.13127408334877208	0.025765702525501286	0.007713853289271182	0.2767876675670887	0.013622660101460293	0.08923184741409869
TTGCTAGCTACCAATC-1	0.003629564735933127	0.37866650047889244	0.0037624354030424104	0.18287394444073476	0.04532195799527707	0.008142170512643272	0.205516126654313	0.046560017045474765	0.12552728273368916
GCCGGTTTGGGCGGAT-1	0.0001222186244474847	0.4560945484572206	0.0009959962623606131	0.03627903669969709	0.023021901780489875	0.0027046145695732438	0.33534260343616706	0.005733340266506053	0.1397057399035381
TGTAACTTGTCAACCT-1	3.3417524475516425e-05	0.4616725326788565	0.004509819731579504	0.08496177022356974	0.0362635876717174	0.008756891665006684	0.28561485366089745	0.041400817514618264	0.07678630932927906
CGAGATGTTGCCTATA-1	4.219855909614258e-05	0.4801479327014364	0.0005959300230475996	0.07367889957397396	0.006573240907033438	0.01710874895818959	0.3461959362316719	0.020297945569426153	0.055359167476124765
GTTACGAAATCCACGC-1	6.03767599654352e-05	0.3830777378613435	0.009547499692669398	0.13792856546227467	0.07021211995891342	0.013591014394243029	0.20364936049962054	0.04462515146214608	0.13730817390882394
CTTGTCGTACGTGTCA-1	8.001456750157026e-05	0.5282399812462881	0.0004755218474553515	0.1103553896456197	0.03455456807898685	0.007491408877037311	0.18151493502480057	0.0172763630332691	0.12001181767904136
GCGTCCAGCTCGTGGC-1	4.9398773010329965e-05	0.4902707264289901	0.008855142131515854	0.06479531514933136	0.04068638928312763	0.010692690782293025	0.28949498792998074	0.019415478401968247	0.07573987111978271
CCCTTCTCGTACGCGA-1	0.0006908043714145115	0.5029605595227354	0.0013012690281333278	0.05864748085548563	0.04206235653408126	0.004778590505859204	0.2912642581491209	0.013568259826170982	0.08472642120699862
CCAAAGTCCCGCTAAC-1	9.326410071729707e-05	0.5229154999282333	0.0011052473240535166	0.052508965922776873	0.05281952985169638	0.002976773963252909	0.2486691334738907	0.01546478820597378	0.10344679722940528
CCGCTTCGCGGTTAAC-1	0.0001321658057672475	0.4348551075118719	0.0006189275324755427	0.050646576952142926	0.024474727220740792	0.0021916861842987295	0.31074030037856726	0.011103550666051508	0.1652369577480842
GTTACGGCCCGACTGC-1	0.0002729046481230952	0.4957682550336336	0.017295553619906277	0.07901585903424288	0.01902390917747597	0.0045880840872128525	0.25454944206395674	0.018438869436422506	0.11104712289902616
CCCGCTTGCCCTCGTC-1	0.03417732467956828	0.3346880878633063	0.0011745359823039528	0.1299167458797175	0.005841927602496662	0.011134403768357252	0.21098242553003088	0.0665246011305571	0.20555994756366197
TAGTGAGAAGTGGTTG-1	0.10454126996964257	0.3295028292091651	0.004721631194472484	0.08521137211807982	0.039986861355629	0.004394267782159737	0.19446304643069884	0.012707072333460284	0.22447164960669225
AAACAATCTACTAGCA-1	9.491771175478164e-05	0.4336403933199441	0.02193850796314795	0.1017459168303317	0.03324014384986423	0.0035465138669631253	0.1903700005100707	0.009012554704821938	0.2064110512431015
ATAAACCATTGGACGG-1	0.0011895881475788527	0.6102701282189731	0.00022984951809904247	0.021897473350879007	0.026431242133400902	0.005419149076261527	0.15695034900567167	0.045037716250422494	0.1325745042987133
CACGACTAAAGTTCTG-1	0.006490086913068518	0.5714951892203335	0.0010053295622566294	0.01722409997557525	0.06195132347736743	0.0016742682891352709	0.18176917094174233	0.04112803032386553	0.11726250129665548
GAAGACTTCAATGCCG-1	0.046413724430314794	0.38883276061016087	0.00014480355212052743	0.09169562758566041	0.0854600606217645	0.0027890687548489798	0.24694943721529422	0.008485081878985407	0.12922943535085038
ACCAAACTAGAAATCC-1	0.23676676762505675	0.28537579887739634	0.00014006448898882918	0.0496304237490213	0.016784334036612385	0.013955789680693718	0.1049549661419171	0.08926459390555781	0.20312726149475574
GACCAGGTCATTCATA-1	0.021879862977559155	0.41717622224448675	0.00014975555078571516	0.028333113806667837	0.047208846672836056	0.002454357001619413	0.15265505532706583	0.0345743834772162	0.2955684029417632
GTATCGGGACGAGCTG-1	0.001953727221244727	0.586215430540643	0.0009882211852460493	0.04072447771262046	0.03977762227639745	0.022601732225199747	0.15285888019627747	0.07998702440659348	0.07489288423577756
CCTGTGCATAGGAGAC-1	0.009484701290652178	0.5606583032019499	0.0009076317242743625	0.11009068911342244	0.07296549077094694	0.002356124051796883	0.16296682978728494	0.007888708774322323	0.07268152128534999
CATACGGGTGCATGAT-1	2.901280161317197e-05	0.5854585400161214	0.0009339414041179451	0.06250291528512293	0.025658807289517423	0.0029306986002515007	0.21775226352448254	0.019797868722880096	0.08493595235589291
CCACTAAACTGAATCG-1	0.0021645608994789235	0.5870552056340936	0.00985087472109185	0.053656353895257455	0.017561446474809766	0.004291934231064118	0.2251531193263741	0.02795429874575185	0.0723122060720782
AAATTGCGGCGGTTCT-1	2.4774690532933213e-05	0.5444162984416727	0.010201938025627626	0.05695675762079111	0.033694846782837885	0.007113217276175428	0.22241352342239143	0.02379628401849428	0.1013823597214767
AGTCCAGCGGGTACGT-1	0.001112421894109428	0.5055059560007592	0.013140237754806446	0.07919306357742305	0.04836338690836871	0.007138200682832047	0.22710448871315217	0.01774614532054873	0.10069609914800001
CATTCAGGTCAGTGCG-1	3.495869177611057e-05	0.5287475616196454	0.006290964085602029	0.07493652507632016	0.026526615233729085	0.012787814501690824	0.25794946326931595	0.03404576140197619	0.05868033611994429
CTAAAGTCCGAAGCTA-1	9.501621038620665e-05	0.49101443087054053	0.005580708144434029	0.05724927192382814	0.04075899741761043	0.014404243280733843	0.2894237345285966	0.044857657940391135	0.05661593968347894
AATCAGACTGCAGGAC-1	3.198249907799247e-05	0.4587418141923557	0.010848750827571082	0.07616847115361844	0.03554527577091558	0.012827687509897514	0.26758051666740235	0.03297824952608643	0.10527725185307485
AGTATCCATAATAACG-1	0.00018212972975445376	0.4476790355186715	0.0052486259106379425	0.07071961170022316	0.07107065127911513	0.02021010483083157	0.2445566355736247	0.06496532770878925	0.07536787774835237
CTGGCTGCTAACGTAA-1	3.271377974174215e-05	0.5464828177980374	0.002994406012450487	0.0544100971589414	0.018073694281360304	0.010359409780068017	0.27262874399286835	0.027877502404704702	0.06714061479182767
GTTCCAAGACAGCGAC-1	6.88540226838271e-05	0.4413084777810091	0.007829935496611902	0.06731599726790587	0.04974242690146731	0.01600215611481271	0.2619519931423216	0.0854605824522858	0.07031957682090191
AAGACTAACCCGTTGT-1	4.906089423870053e-05	0.5619574655332634	0.002777297288842578	0.0502031852667587	0.022246010921494672	0.0059683465542660795	0.2607418325182273	0.028438365523995993	0.06761843549891257
GATTAATCCTGGCTCA-1	5.8627990750526385e-05	0.4848370064106373	0.01903417402967951	0.04690048002070443	0.03018147857070222	0.028079367004922792	0.2976913750652321	0.05053398851409438	0.04268350239327675
CGCGCAAGGAACTACA-1	3.9166145704742905e-05	0.4855952940710116	0.003630623949043649	0.08151472081059868	0.0251587128134171	0.015198896707820325	0.26293155378149147	0.05695969488874141	0.06897133683217095
CAGTAGCGAGGTAGTA-1	0.0004202867107088112	0.46356378349516136	0.010014785452897556	0.08897342740777148	0.036798639094694476	0.007562962424044098	0.2755896966865631	0.03849127169663651	0.07858514703152256
ACGGCGGGTTGCCCTG-1	4.1069470887155395e-05	0.5119303580252269	0.003212518689414707	0.0640185765813114	0.033625278151936416	0.0073129499669588	0.2830022913132763	0.03921759660358224	0.05763936119740607
CTAGGCGGCAGAGAAT-1	0.00021682931465078433	0.5144286174923831	0.00262622939247563	0.050644741299446086	0.039066006670929125	0.008794334698494903	0.26036394493418114	0.03721931793743358	0.08663997826000563
GTGCGCAGCTTGCTCC-1	6.458762511909227e-05	0.5220254840513636	0.0021138614974268765	0.04152244408174779	0.04281767462007686	0.007004075745457913	0.2798794796718422	0.03458824210576188	0.06998415060120367
TCACTATCGTGCAATC-1	5.0739852288989814e-05	0.5092516013382894	0.004807482178751264	0.04795942733401883	0.05511819705427037	0.015872853944875927	0.26735610680940036	0.028432428203165504	0.07115116328493926
TATGATTCTGCTTGGT-1	5.7051818033588554e-05	0.4506207937656137	0.002150984469693698	0.08186337163550408	0.04704021673449974	0.01158561092949186	0.2776887339960978	0.03459524429618376	0.09439799235488183
TAAGATTTAGCGGGAG-1	6.021198688181124e-05	0.4331156454755576	0.008619644694897666	0.081092526533231	0.05138411089119798	0.012519980881326854	0.27338374938633886	0.05502303401935069	0.08480109613121754
TTACGGTGTCACCGAG-1	3.647556666045224e-05	0.44626321211944064	0.003697494641726409	0.10536117768481996	0.046696613670164366	0.00859277290526778	0.2638077750625409	0.021626453991401395	0.1039180243579781
CTACACTAGCTTGTTC-1	0.00017282690606889098	0.5102187115614248	0.0023529218925680373	0.05667937141884251	0.06732057341435933	0.004880781342875139	0.24458422205340352	0.017584184013472618	0.09620640739698504
TGAGCAGTCGTGAAGT-1	6.678081293597366e-05	0.3823092354668774	0.012949902388247132	0.0854312937095497	0.047448145258055054	0.019223041392748285	0.2330383511283875	0.06213731851837888	0.15739593132482013
CGCTGAGGACGTCCAA-1	6.708790439480884e-05	0.4374225707949576	0.015555794987141892	0.09398458630955335	0.034608508886758295	0.012931056432835184	0.21596866787769087	0.04453237017622119	0.14492935663044684
GTGTATGACTTTAAAG-1	5.6305233178230526e-05	0.5823969507001717	0.006134021308795252	0.02291930534177016	0.03878678274867538	0.0045184451333111384	0.29543862172086677	0.018805801794638376	0.030943766018593086
CTAAACGGGTGTAATC-1	0.00027587307569064304	0.42759964280287777	0.006769991859446806	0.06645335899230859	0.08795665192374161	0.016511486375092786	0.21340769207341154	0.08581972681076468	0.09520557608666558
TGTACTGTGCCAAAGT-1	0.0002185645149359412	0.5209692919127412	0.010487233328168725	0.0274147508501983	0.0454024425953271	0.012054724779732335	0.2909196678003118	0.07300463593340564	0.019528688285178883
GGCCACAAGCGATGGC-1	2.9184989820553084e-05	0.5034301616907364	0.011985245929318294	0.06101200861935191	0.0387088689916824	0.015009217303013158	0.25216793840420043	0.027525675872405096	0.09013169819947178
GTCAATTGTACTGAAG-1	8.960285329365173e-05	0.4887746765275221	0.013187506796677706	0.05578842455757397	0.058533766445613165	0.009469742548795058	0.2947131853137285	0.0264255346003845	0.05301756035641136
AGGGACAGCACGGCGG-1	0.003922235437066952	0.5054062315548759	0.001115639390477505	0.05071360139015477	0.042199769091934854	0.0028942301472011664	0.2546663473032895	0.045583414422846205	0.09349853126215324
AGCTTATAGAGACCTG-1	0.0015974327195516945	0.5279510705485668	0.0017289493464014546	0.07146460604969901	0.03391987628568479	0.009542043018156405	0.26599002645563247	0.027788387641915616	0.06001760793439191
AACTTTAGCTGCTGAG-1	0.007877590434896326	0.45980913836428305	0.0008381025635008814	0.0676919599411661	0.058799763910002405	0.005574622350333407	0.2336647001471881	0.07919575617892412	0.08654836610970566
CCCAAGACAGAGTATG-1	0.00505780148423752	0.5777329897776317	0.0004668393695184747	0.021243015351028734	0.0627548057264308	0.01853177929523994	0.1923694155068015	0.03005265380777102	0.09179069968134028
GGCATCAACGAGCACG-1	0.013389583594998047	0.5515104211652894	0.0005336454034202247	0.08722108405206473	0.031285550832180854	0.0030444281751285424	0.18626126267226123	0.00926119527590427	0.11749282882875266
ATGCATTCCGTGATGG-1	0.009842863111389233	0.5185167425759107	0.0013752283764563568	0.058271119224877654	0.08393620999144745	0.0014657492708635533	0.1669990415624357	0.03202968088860254	0.12756336499801665
TTATAGATGCACATTA-1	0.025572450892901014	0.4705139802462208	0.0020061785387010932	0.05086657768164518	0.08021364873469142	0.0029537190689176963	0.17060852642320473	0.0512876381577105	0.14597728025600762
GAACCATCTGGGAGAC-1	0.02647400381789102	0.5133030767349852	0.0006214882822088263	0.07679665497545674	0.03815300062719768	0.0019540377010300626	0.18291343542456212	0.032284240971664095	0.12750006146500428
TGCTATACAAACGGAC-1	0.028683957231239444	0.5154013762860875	0.0008715966705931115	0.0550507878284937	0.06060155456084809	0.01234311006749792	0.15854564119894066	0.03657756085478739	0.1319244153015121
ACTTGCCATATTGTAC-1	0.0419865296544123	0.5493666788890862	0.00015975180835227777	0.07856001363402064	0.019711455506392524	0.001586879383509118	0.16120500808471153	0.04116678911745071	0.1062568939220647
TATTCCGGCAGTCCTA-1	0.023829759400659272	0.5517322146531874	0.00021968710803915858	0.08444836916957431	0.03845212780820227	0.0034497740588641506	0.1153123732065882	0.054292877929227434	0.12826281666565773
GACGGACCGCGTTCCT-1	0.0015279832645915768	0.5760822682205201	0.00016288718462394015	0.008654657920891888	0.032126365327995884	0.0010440653500968411	0.21280743187782747	0.004071582314421681	0.16352275853903053
AAGTTTACTAATGGCA-1	0.08196332975015086	0.49744095344600353	5.4138042733649006e-05	0.1185582283215347	0.07999371830344684	0.0010959829860938404	0.10727449909746489	0.0068515668450513665	0.10676758320752039
GATTGACACTCTGCTC-1	0.062638318241238	0.40146237407465635	0.001052888695846836	0.11796175829612934	0.05037287761014825	0.0029536185559290245	0.15688310932851882	0.0103997806044969	0.19627527459303656
TATCACAGCACGGGCA-1	0.023499628339030833	0.38690873580661733	0.0003429817057788016	0.07850735101393853	0.05226273897199409	0.0025051719829229427	0.17813841081970933	0.006073821768361424	0.2717611595916467
ACCGTTCCCGCTCTGA-1	0.02051195949282343	0.41631695064607077	0.0016102833297108046	0.09752136829047192	0.08566048677223805	0.0057266441213055935	0.1412171582170762	0.010405925781329435	0.22102922334897382
CCGCCACCACAATCCA-1	0.031365921731969275	0.3281835479878788	0.00033340417185447166	0.1191612967950539	0.05179384091135175	0.003513728273976299	0.21736373299406053	0.009409012507402588	0.23887551462645235
CATTCACTGACAGCTA-1	0.021073786433521438	0.3724674795941943	0.0002894709087669693	0.127219804563212	0.03738596309801455	0.04788008715254192	0.12023131986878001	0.013464549918738444	0.2599875384622303
CGGCTGCAAGATTAAG-1	0.014078817086749513	0.2680117135389735	0.0016476904941388365	0.1257559656301073	0.052008052314067105	0.0045281187084419685	0.261710047610122	0.007602140230078478	0.26465745438732124
TTAATGCGAGGTAACT-1	0.007959197046041961	0.35844682978346565	0.0037674350462119084	0.06049904326612791	0.01972973508428015	0.005605646438712678	0.15252381498786127	0.004287037169720777	0.3871812611775776
AATAAGTCCTCGAGAC-1	0.0446241546133746	0.3541325127174946	0.00030719398930957663	0.07805894439231054	0.04006323822200268	0.002180205135208935	0.16708032586217555	0.012901177817734538	0.30065224725038886
TGGAAACGGAGTGAAC-1	0.0022217689391482655	0.5389317900058483	0.008043414855179145	0.05841295486952591	0.0298284403360004	0.0028650058080182976	0.28586981754619356	0.03434188517124516	0.03948492246884099
ATCGCACGATTGTTCA-1	0.0003118259801102508	0.5177942937937162	0.0009763674424183267	0.07450609356484708	0.04345797428625662	0.019298033146178745	0.24771223705598497	0.048417904743338444	0.047525269987149406
CGCCACCCGCATTAAC-1	0.00016976108758789225	0.5508673671515945	0.007491670505680006	0.07208278763285829	0.030781687260350642	0.010614380272414006	0.26856752009943047	0.020076037807369166	0.03934878818271512
TGGACCACGGCGTTGA-1	3.197455458551346e-05	0.506662632285117	0.007706247881118916	0.1025558478024062	0.03169395584143221	0.005317474911182157	0.2616173585603792	0.04276584637573669	0.041648661788042114
GTATATGTTACGGCGG-1	2.409808643982415e-05	0.6065407237206248	0.005149888657147341	0.04438938279985635	0.025411375065519357	0.011250776197126226	0.2599105169658501	0.015266876484011477	0.032056362023424434
GTATTCTTACCGTGCT-1	2.9641518214502627e-05	0.5765552864269813	0.0065746103898821915	0.03763536398489852	0.02443533130047976	0.007376258097582772	0.2731914265022243	0.02978546299029825	0.04441661878943836
TTCAGAGTAACCTGAC-1	9.747586525284736e-05	0.5530436069475135	0.00945240333949075	0.05772667543039603	0.021774732908046438	0.004427708031030512	0.2798938444666542	0.027812589657515926	0.04577096335409977
GCGGTAACCCAAATGA-1	3.8819264103551476e-05	0.5336279344753267	0.007080640388677825	0.05103375552999271	0.030814005580713306	0.0038568459826991194	0.2915566346110769	0.0273432913440953	0.054648072823314436
CTACGTGTTGCCACCA-1	0.000587089369238846	0.5307633323769896	0.004130848769665795	0.04817692148322464	0.02983480464679904	0.006126255492808708	0.28586236714404484	0.030329956769679315	0.06418842394754928
CTAGATAAACTCCTCG-1	7.82256377031533e-05	0.5317024287436178	0.004306846518659228	0.05037269398463561	0.030068248495945707	0.004646229855360706	0.2772967487711682	0.04802013722515509	0.053508440767754455
TCCATTAGTTGGATAG-1	2.2424620275967597e-05	0.5715539477770576	0.012115406735503468	0.05078048399714451	0.01964288803823896	0.0030081552408641908	0.28058342177776946	0.020774509613930396	0.041518762199215596
CTGGCTCCTGCGGGAT-1	0.0001564750049599772	0.516931974366297	0.004497082421281307	0.05076663057485632	0.03448687475249546	0.004414140942206684	0.2852895453544035	0.039333176538259004	0.06412410004524076
CAGTCTCTCGGCTAAT-1	0.0001315385148871142	0.519340069174287	0.006180820939527189	0.05481606754547971	0.03266925063187643	0.011271753190295374	0.27263489316681344	0.03767271512488778	0.06528289171194593
GTATGACGTGGGAAAC-1	3.612654485719498e-05	0.5074891551354607	0.004807743732230668	0.06626875067839047	0.03651187115352358	0.006834306395651237	0.2728515087208906	0.019752513002067595	0.08544802463692813
AGTCACTCCGCCTCAT-1	7.297693699916352e-05	0.5673169627725738	0.006707866187183499	0.05237168367899571	0.0303117379201712	0.009643289505298452	0.24609034055157827	0.03081773620092919	0.056667406246270736
GCAGCGGTGGGCATTA-1	6.267471685853028e-05	0.5046106842845155	0.0019495346262513177	0.05243868408942309	0.03492898341156801	0.006281197416141131	0.3051091009990951	0.01200596718450126	0.08261317327164601
TATGGAGTTTCTCGTT-1	8.244834394084668e-05	0.5308972785668092	0.019759218215908092	0.07871721452044635	0.02240544718774721	0.01080246635356294	0.23349349871623964	0.019780259903970455	0.08406216819137516
ACTCAACGAATGTATT-1	6.839522089465122e-05	0.5072538413404319	0.018693372200264232	0.07817926073569299	0.041204089006102194	0.014668758750375622	0.2382400542213856	0.03191768859206785	0.06977453993278489
AACACGCGGCCGCGAA-1	0.0002282172401880505	0.48791357387559486	0.011580444917170774	0.06396065532881662	0.05149212893373657	0.010324532887049985	0.27406385428022617	0.04789531716155696	0.05254127537566012
CGATATTAGCCGCAGG-1	0.0006994872846174375	0.5462303965575901	0.01450250524378486	0.05415932018550033	0.049373282545865406	0.01077729762837814	0.2329604112542101	0.03570567882800307	0.055591620472050546
AGCGTCTGAACCCGCA-1	0.0007012910012576208	0.45186090892049796	0.006887469100183816	0.058608764391959535	0.050784567156025764	0.021136799587949333	0.28646135639956727	0.06266998448826346	0.06088885895429531
GATGTCCGGATCACAT-1	0.0027134364372212103	0.472623180883533	0.02631339954929134	0.06901106501916053	0.04064970806796154	0.0057882932783150905	0.24766555054303963	0.011218108140649838	0.12401725808082778
GGTCACGTTAGATTCA-1	0.0007814113994895198	0.45459203541186277	0.0041427391844351	0.08282056529883451	0.046782035789015124	0.024888005154392025	0.2461578391970113	0.03246417857460087	0.10737118999035888
TTAAGGATACGGAGGT-1	0.00025852445589277144	0.5156935919940278	0.006032638479487499	0.07156531095420648	0.04802046036520896	0.010396512280057628	0.2314254962636076	0.020694091459400193	0.09591337374811108
GTGCGGGACCATCGGC-1	0.00034946026020274775	0.42121035680774954	0.006383105933964321	0.0824088720562491	0.0444885740632081	0.013808486557103273	0.30485417536028786	0.028703527155658586	0.09779344180557639
CCATCTTGTTCACAAT-1	0.00023156764692433898	0.5026424065339961	0.0008518800639963476	0.049438838421701964	0.039261034335518155	0.010665482460221974	0.3084424855743188	0.03267802462261815	0.05578828034070421
TCCGAGAAGGCTAAGC-1	6.592416356739533e-05	0.5254830098145521	0.008737555646128917	0.045233931689707636	0.053430762596454066	0.00590766686498844	0.29752978765451815	0.0318077368948898	0.031803624675193536
TGGCGGTGTGCGATTG-1	7.650437917543935e-05	0.4363001573582928	0.0031907322273527117	0.1009656615703165	0.05033678448644088	0.014946932507369714	0.25462136703887067	0.04956076689871394	0.09000109353346723
ATCCTGCTGCAGATAG-1	8.32312418062818e-05	0.5567914455476743	0.009709836999821092	0.02600758120906542	0.0356936869967033	0.011030129874473486	0.2990886760650077	0.05251670228551895	0.009078709779929424
TTATGCGTCCCGGTCC-1	0.001137844346051588	0.47417812190615655	0.005790995121037938	0.05232373796082486	0.02803519785525192	0.015202587254167049	0.28923517410577493	0.07681987129428453	0.05727647015645061
CATAATGAGCGGGCGA-1	0.0010645325645587088	0.4638271826595219	0.0032158798070051793	0.06617881146609234	0.05088364310190806	0.014724118159588682	0.2767568236291896	0.01944414718024207	0.10390486143189348
AGACATAGATCCTTCC-1	0.005895698578077487	0.4975316516025605	0.010358245955622424	0.04342508933341739	0.033073550124861115	0.019561394706456615	0.2583405631615661	0.050942219079369695	0.08087158745806856
AACTGGTGTGGGCCTT-1	0.004583097995840124	0.5221084811116892	0.00752419397386038	0.08467881346787547	0.037331411815202456	0.004051964184590849	0.22573864144743264	0.028535244698564062	0.08544815130494476
GTAGCGCTGTTGTAGT-1	0.0323333182634491	0.5318200644207146	0.001217788809519502	0.04002647946413737	0.04550026570871125	0.002317966625647695	0.1628918813557849	0.045821642439321325	0.13807059291271437
TTGTTTGTGTAAATTC-1	0.019465149887764124	0.5781820681998554	0.0021867983184156083	0.04684540680039966	0.04471111593231948	0.0018557110264152382	0.18053462100758316	0.014396370003331205	0.11182275882391604
GGATCAAAGGACGAGG-1	0.02470440457230378	0.5391589028689308	0.002888742185064382	0.06889575650927511	0.072457280302778	0.0036118722220119855	0.16977278624561956	0.024227099687029845	0.09428315540698658
CGTAGCGCCGACGTTG-1	0.006396176967101056	0.5512831568129722	0.042173625488259675	0.05795005907313204	0.041954098710581755	0.0027754623129455716	0.18703093600612017	0.015385675505674662	0.09505080912321268
CAAGTGAACTTTGGTT-1	0.012778686190979584	0.58367228660306	0.006711079377917205	0.028382701586538488	0.06909609039556158	0.0024673107824684346	0.14224288390405643	0.03570775669704533	0.11894120446237279
CAATGGTCGGCCTGGG-1	0.027370085363589976	0.44123419461277613	0.00044837075511326295	0.06952979965309525	0.05124188952443973	0.014186455615633592	0.1985285119434325	0.08788473841091181	0.10957595412100768
ACAGATTAGGTTAGTG-1	0.07835604691079498	0.4582258530458778	0.0009708941124857085	0.06974311435880089	0.07553997122176455	0.025987667765524546	0.10278259826314239	0.06154568822128183	0.12684816610032731
GTTATCACCTTCTGAA-1	0.01367253120444303	0.5732648628321324	0.001132622372858429	0.028443175785179884	0.037763562227919455	0.0024914282817108608	0.24037022229353017	0.03199930222827858	0.07086229277394722
TGGTATCGGTCTGTAT-1	0.13299914372023747	0.36607427390192526	0.000345850236633759	0.10622280834076309	0.01302000473387793	0.0044099386423516	0.1668798426939807	0.02403395341940898	0.18601418431082106
GGAATAACCTCAAGAA-1	0.04415390212156856	0.39587610758749375	0.0007036617466763371	0.11815525345432581	0.04105649877038429	0.0200814773677002	0.18784602342258777	0.06810973118166579	0.12401734434759742
CCGAGGGATGTTAGGC-1	0.024195771760359	0.5293546924768802	0.0007522881878451361	0.03468691650682761	0.029931800887770803	0.002140706648392581	0.20490074035321834	0.08800096288516157	0.0860361202935448
TGAGATCAAATACTCA-1	0.061902539862968155	0.49433414951324395	0.00018596607418959235	0.05260302393707525	0.05749103945789602	0.0019397147910189733	0.12602523881398953	0.012515126825270645	0.1930032007243479
AAACGAAGAACATACC-1	0.03743137332948607	0.42850774642142536	0.008536220801659562	0.09042596992100328	0.0463548814449344	0.011097315518285347	0.16087874079994088	0.0159729973342059	0.20079475442905914
TGGAGCTAAAGTTCCC-1	0.07066214927211587	0.3369177834258938	0.0011490522202405905	0.08282100475476917	0.07281054764581163	0.0027271043262460043	0.14157979170401783	0.011007884508107474	0.28032468214279765
GGGTGGTCCAGCCTGT-1	0.10312573425138759	0.3474760874539134	0.0001341447170080543	0.10176911325052383	0.07580698940596624	0.0028859067090360813	0.1099724762125936	0.02567734682258576	0.23315220117698549
CATGCATGGAGACCCT-1	0.05770160789718234	0.2986396262345598	0.00017425599788086445	0.06261814350792663	0.031287865348317526	0.005191167137203011	0.15133616051595639	0.02929962634278327	0.3637515470181902
ACACGGCACTATGCAT-1	0.06703478440381508	0.40709412706052134	0.00011405697825844221	0.08242146578727949	0.046414726754038155	0.0013637257531607127	0.1667674690456847	0.03842242945170368	0.19036721476553845
CAATATTGGACTAGTG-1	3.658471975891361e-05	0.49111125073435835	0.007664850009728322	0.052678245099697554	0.054345997930186594	0.0076538168155584575	0.29090182919661256	0.030313199607446422	0.06529422588665278
CGTGCTGGCCTAGTCG-1	0.0002576955904832252	0.5432583142824318	0.006860783705146373	0.03278182228934877	0.10703225770842051	0.006460621756254546	0.235212109114557	0.03219641778459567	0.0359399777687622
CCTGCGATAGAACTGT-1	8.779717780065476e-05	0.523768181309622	0.0014619322388366948	0.0386722777277546	0.0344513050158705	0.009196257786175143	0.3089011976292912	0.025011882593390492	0.05844916852125871
GGGTAATGCTGTGTTT-1	5.439730964736306e-05	0.548733118147693	0.00278507458228829	0.04628313653578735	0.035566427375902564	0.008896818752789703	0.284271180338798	0.022784713638798516	0.05062513331829531
AACGCGAACGGCAACA-1	2.329556456212579e-05	0.5447211561801011	0.010431637128995646	0.07430706457512831	0.029107382653008225	0.007819139039435707	0.2558607936061553	0.02886536557654967	0.04886416567606394
TGTCGGCATGGTGGAA-1	8.497342892977396e-05	0.5473848916091615	0.004824008091032887	0.04932567316176654	0.03790928733369765	0.005632948131829444	0.27264137518924836	0.022095701302484592	0.0601011417518494
AGCGTACGAGAGCTAG-1	0.00011523177941780898	0.5583168910895722	0.005533718584458858	0.04562648598670273	0.0267708683570186	0.011377359999130155	0.23348196200287105	0.06898546338232918	0.049792018818499484
ATACTCTCGCCACTCT-1	0.0003826684496135072	0.4388186131979302	0.0111119678894942	0.07300296754274305	0.056904690067090986	0.013135164874411007	0.24848089168396065	0.0658269323166722	0.09233610397808421
AATCCATGCAAGGGTG-1	0.00010321447923967693	0.5302453643652747	0.003923773748628637	0.07712251026697156	0.026400757740650885	0.007854046129212278	0.2500396759797649	0.0198450402797602	0.08446561701049725
TTAAACAGAGTCCCGC-1	3.5392666717069515e-05	0.520946524330589	0.0043811758605731	0.05935858191196877	0.03386311442991549	0.01195301386972153	0.2568881132385264	0.025577995414985892	0.08699608827700256
CCACAGCTGAAATCAT-1	0.00037370887615478235	0.5371513328710277	0.007794742622251062	0.06729673159169172	0.03110643961951176	0.011910673956895974	0.2501907056981472	0.035151361226333874	0.05902430353798589
CGGTTCCGGCTTCTTG-1	0.00013170611978412407	0.5583248173955053	0.0014322644395625766	0.046390618076036914	0.038359453540285395	0.004538735613530043	0.25614862126104876	0.018129206057839783	0.07654457749640721
GACGTGAGACTCCATG-1	9.866812104389599e-05	0.5387510315280418	0.008111062572841473	0.05055722306314093	0.03826324017307236	0.005479831161034486	0.27477136721173184	0.017235711461499395	0.0667318647075937
TCGTTGGCTCGTCAAT-1	3.320015001390455e-05	0.494466761026113	0.0020792753597744635	0.07916842183746979	0.028825859411842885	0.014783164036414288	0.265049159443962	0.030646198729317158	0.0849479600050926
GGTGAACGGGCTAGCC-1	4.788146179004671e-05	0.5275273288407194	0.007189643995440612	0.04380982326873564	0.030663287762726813	0.01306345246644945	0.25389524936039026	0.0475225009081197	0.07628083193562807
GCACTGTGCAAATGTA-1	6.0874203912900596e-05	0.5369429755800487	0.0046102997280838345	0.03449410603268791	0.04241544929307139	0.005739507468826588	0.2764247193880226	0.04366061651845553	0.0556514517868907
ACGAGAACCCATCACG-1	5.480962097400508e-05	0.5470659647835013	0.005847187616953134	0.04810542537007553	0.04261369197740608	0.009876229311481141	0.2517613639949886	0.03484481392717507	0.059830513397445134
CCAGCTACGCCTCATA-1	8.385336465204071e-05	0.5517373615540604	0.008768061144090929	0.033536332157870274	0.055331292282296905	0.008915382264970633	0.26295340675626055	0.0296739640801654	0.04900034639563292
TCCCGGTCAGGAATTT-1	6.134369610756509e-05	0.4884407449613627	0.010145628568446637	0.06697648311124418	0.06612719649985029	0.004959597627512424	0.26062467134619094	0.02925178665676766	0.07341254753251758
TCGCATTCAATGACTT-1	0.00010733773169210416	0.5069395003073679	0.006333502750128183	0.06747877684250984	0.04777864443295163	0.0071535801856079904	0.2635446517213154	0.027354921663529593	0.07330908436489741
CTGGTTCAACGCATCA-1	0.005999203284695129	0.5231816055767846	0.010563851534310307	0.053155865707322884	0.037356250650521665	0.009726910786288775	0.25346321237629954	0.030376380661236182	0.0761767194225409
GGTGATTTCATCTTGT-1	0.000210750272518465	0.5345970733873364	0.01765435163025072	0.053566770999681795	0.034096444898212876	0.01031581318732354	0.2473879301476249	0.026955566324223343	0.07521529915282808
CACCCTTTCCTCGCTC-1	0.002914464643545226	0.5331548020063565	0.007710457903838176	0.06403950235240452	0.043318667078194775	0.007988805767709072	0.24876976394297032	0.02646168109062953	0.06564185521435183
CAACTTGTAGTGGGCA-1	0.00018573434012646563	0.5686398827703883	0.009196534140600997	0.03994450897368936	0.019721554817819457	0.015442312381103152	0.2750315893166738	0.016165368770741904	0.05567251448885647
AATATCAAGGTCGGAT-1	0.0009418588636864214	0.5310847985760886	0.005577483529760444	0.048060076881169464	0.0359659990262461	0.00492593066853131	0.2882543953868391	0.020797985909665362	0.0643914711580132
ACTCAGACCTGCTTCT-1	2.2307835610514327e-05	0.6081028172778903	0.004087102918165719	0.03701464145276385	0.026307572387646982	0.003084001048584877	0.2586869237901732	0.020809497481638007	0.0418851358075264
TTGGAGTCTCCCTTCT-1	0.0001277517895012855	0.5352134819959569	0.005557507309689704	0.045655077020492416	0.02491075104522336	0.009297794051208138	0.3008202829823777	0.018351550062379006	0.0600658037431716
GGATACTCATGAATTG-1	5.7624589639569974e-05	0.49338703410103285	0.0027851492353935204	0.059924023378233354	0.02153393732249729	0.006060532185279225	0.27154926513086525	0.025796909918606732	0.11890552413845226
TGGGCACAAACAGAAC-1	0.003101581174928016	0.5165036739630188	0.009542230961318	0.04586026343263237	0.023740451407450614	0.012533121882624221	0.2787198873897323	0.04252041146625489	0.06747837832204083
GAGCCACGGTAGTAGG-1	8.059200803500599e-05	0.5817287339713596	0.002344058740596555	0.05676628636564685	0.02718700419607118	0.002512796660875586	0.2507730412723542	0.03171998892343026	0.04688749786163063
TAACCGCCCGCAGTGC-1	0.011649104311436917	0.5539692812409764	0.0009129892653194087	0.015157891601829933	0.053014883907244126	0.008576203359758481	0.16374306704768274	0.10358708248879046	0.08938949677696148
GCCTATTTGCTACACA-1	0.013752117175223276	0.5377534521599187	0.002179912759857544	0.0455448424311573	0.04479125756579304	0.004879467784990191	0.22874040157869832	0.06797148155054906	0.05438706699381267
TTGACGATTCAGCACG-1	0.036350175107261795	0.5709019629803973	0.0016326445153673568	0.07038432926825282	0.03465795408451986	0.0023377415104019247	0.18048901825571345	0.012113466388692273	0.0911327078893932
TTAAACCGGTAGCGAC-1	0.047145760038288666	0.5429374341315163	0.00042151866478708325	0.05907737900371712	0.052667552475112824	0.00690053288854773	0.14760624524403673	0.06377587348624783	0.07946770406774574
ACCGAAAGGGCCCTGC-1	0.07469289943253503	0.4672897331889431	0.0011493252416761893	0.020974268181993987	0.049223875136549654	0.00562461414781653	0.19073157530053156	0.046925197585880735	0.14338851178407308
ACGTTCCGCGCTCCGT-1	0.036736017261191314	0.45380110795073136	0.0005394699619677634	0.09418139980807225	0.042996849055882164	0.0013072622745298487	0.26742879854134055	0.008271316795637333	0.09473777835064742
CGGCTTTGTATGATAA-1	0.05033852643864425	0.43857898183536353	0.02876528194536684	0.04824206884387867	0.04456886156299935	0.007904648089156975	0.16768669666326919	0.07369300703775708	0.14022192758356408
CTTGACCCGAAAGATA-1	0.037034167301246645	0.45176881844099637	0.00019270348796122702	0.10220452126695316	0.07894812111462968	0.02112913927288146	0.18778503143792002	0.022988908708665774	0.09794858896874561
CGCAGAAACATTTGCG-1	0.021492274970240186	0.4931485957721999	0.0011962829418784415	0.11627214354710984	0.033034809088416564	0.004293631249469594	0.14128541567936836	0.06454177746189896	0.12473506928941833
GACCCGTCGCCGGCTA-1	0.21514940701620375	0.43474576644112545	0.00012019772891680958	0.08112103580969411	0.04417214418269344	0.0014343309380339256	0.09125092639839734	0.006796002142965392	0.12521018934196979
CCCAACCACACTAACA-1	0.0029247547648713233	0.397797361299604	0.0005739999079157036	0.05203582105827094	0.057548073230400065	0.005115787115528027	0.2541096537199229	0.005890726768827872	0.2240038221346592
CACCGCCGACCAGCGA-1	0.06461868971334343	0.4144008184631694	0.00016032777022049956	0.08924118759313122	0.041937160266736745	0.0013533578438391805	0.19189806898511647	0.005668198594286578	0.1907221907701566
TGGTATCGCATCCCAA-1	0.1141959740711218	0.3649173163491453	0.00014304902468238184	0.06770101724954053	0.04671162014402991	0.0019910829487525873	0.18735529391855782	0.008945200914119284	0.20803944538005037
CAGAGTGATTTAACGT-1	0.14944903591201666	0.34289283057753644	7.988255466788688e-05	0.15807222711467533	0.0389974924278279	0.0015747191496209834	0.11184430942574833	0.008832505745773845	0.1882569970921326
AACCCTGGTGGAACCA-1	0.0816652448563579	0.4159987859723791	0.00020013783714937182	0.03412485096524695	0.059794986676230816	0.0028527448757394995	0.17336350943842677	0.010744874352760225	0.2212548650257094
GTCAGTTGTGCTCGTT-1	0.15019466161616193	0.390545046779	0.005410931624852142	0.05477701208029326	0.04431873401187403	0.0562330138472616	0.12333421395251713	0.016685007892022666	0.15850137819601726
GCCAGGCGTTCGCATG-1	0.0012558673151615474	0.6324000273852698	0.003511002017265427	0.04108866544225715	0.030452096049209215	0.003926536264051969	0.2292803105570239	0.03774815375732681	0.020337341212434294
CAATGGAATCTACATA-1	7.457554989814583e-05	0.6917919916940187	0.005308582601359093	0.03300141585691048	0.02137519214217601	0.0033134640123202315	0.21087574826282898	0.019524563254332196	0.014734466626156116
ATGGCTGGAAATGGCC-1	8.34144215722411e-05	0.7163182328510291	0.005554007752335604	0.01687685965714559	0.01828018411670543	0.004072898516362978	0.19976338870338867	0.028206699326690773	0.010844314654769581
CACATGTTTGGACATG-1	0.0006735933192629562	0.5313585545973244	0.004788178247266755	0.04643537764208228	0.03720875048413523	0.007405901433817501	0.27415004890124867	0.06895090377480656	0.029028691600055716
TTCGCATCCGGAAGCA-1	0.00018138080717978208	0.5827233709246932	0.002378678578369678	0.015979398618375912	0.04443124146955137	0.004327644427132235	0.2761536571495174	0.042931639783974934	0.030892988241205555
CCCTAGTGTCAGGTGT-1	4.146379693998136e-05	0.5407864426793785	0.0029363060914568387	0.04428096029919773	0.030556418176905065	0.00525634827576854	0.2885688543379616	0.03660819170433436	0.05096501463805742
TTACCGCCTTAGGGAA-1	9.584081539832798e-05	0.5041361469232917	0.004582147659358276	0.06744839007901295	0.040908120972006856	0.006687019608333293	0.2809181538029609	0.01397461768095736	0.0812495624586802
CCAGTCCATTATTCGA-1	3.8331966481714154e-05	0.5268255240363798	0.004539704326298917	0.058164614567704144	0.02933426076812779	0.0062479316210751375	0.2859342697532533	0.018287985112644664	0.07062737784803452
CGTAAACGCTTGAGTG-1	2.4884180076994838e-05	0.539111683468886	0.004959954831073006	0.05881971848457629	0.037716121143061485	0.005480292611695663	0.28498668488466017	0.021496992021571133	0.04740366837439929
ATTCCTTCCAGGCGGT-1	8.328127519756079e-05	0.5113971920824647	0.004077536569455811	0.030673294880652086	0.04850682283211475	0.004618413312112059	0.30557022478196666	0.022927391605401047	0.07214584266063524
TTCCTTTCTGTGTTGC-1	9.691508676171953e-05	0.5122037393921534	0.01032417632422849	0.04566619783424744	0.052121185188350856	0.005189541411104554	0.2860234104396724	0.03900555736089267	0.04936927696258855
AGTTGACATCGGCTGG-1	3.924966529297755e-05	0.5019048167506277	0.0054516620952505404	0.06405722693829893	0.032598408136664134	0.011609776570072368	0.27245348811189446	0.027059170875285286	0.08482620085661348
AACTCGATGGCGCAGT-1	0.000244145184143074	0.4904962527513548	0.007017013214094039	0.04386751246020546	0.02973831336657628	0.017781577010538934	0.2337961927331684	0.11431331303799103	0.06274568024192809
GATAAGGCAGATGCAA-1	1.8201724521346595e-05	0.506482405793181	0.004474072377951972	0.056709608676085474	0.02244350757453666	0.0038486276839422434	0.32394779366846255	0.01794581368226327	0.06412996881905536
GGCTGGCTAGCTTAAA-1	0.00017925171854031263	0.5130616004587221	0.0030589975422964156	0.06642981551387513	0.0232010720028024	0.013824861823753113	0.26886761617106386	0.052357643239251156	0.059019141529695604
CCTCATGCAGCTACGA-1	0.00011270373372686146	0.5023978564324856	0.0042455852725251505	0.06575359859709988	0.039192904307662216	0.0046300525364079935	0.28491090838552136	0.01056069698913588	0.08819569374543504
GACGCCTGTTGCAGGG-1	0.00011760579137579475	0.49196976181641694	0.00472954663165786	0.05595727343180592	0.03407232162603117	0.020178265896382167	0.24653845609721445	0.09157983521001108	0.05485693349910462
TAATTAGATGGATATG-1	4.981784214355345e-05	0.5260100895078604	0.006928887235485626	0.043549873576884515	0.03429827764142942	0.005270471278534427	0.2902918403022425	0.0288525402835927	0.06474820233182688
GAGGGCATCGCGTATC-1	1.8339629524756192e-05	0.5705757153871432	0.005137320200171117	0.03568007020075306	0.028558149036562213	0.003243508732833529	0.3002510311941556	0.029494578813124266	0.02704128680573219
CTTGTGAGTCTTTGAC-1	0.00010155728845355315	0.4824119259991576	0.009717612541385496	0.05859284365450833	0.045117574488288056	0.01223024785741414	0.268717940753757	0.057576257800988684	0.06553403961604716
TCAACACATTGGGTAA-1	0.00029534919742778737	0.46139102079690103	0.009684884897135712	0.03426840623844485	0.07114284027753273	0.019138964870235132	0.28243425580712006	0.0949130734954472	0.02673120441975549
ACTGTATACGCGAGCA-1	0.0001152739031326805	0.4858438491331252	0.010546791885161926	0.0399629800729605	0.04860318666830136	0.017592404072607884	0.23773813812348998	0.1098342494400273	0.04976312670119311
